35,35
3,1
3,3
10,152
10,250
10,184
10,78
10,214
10,14
10,30
10,272
11,12
11,24
9,6
9,4
8,15
8,18
8,9
8,10
31,4
31,3
31,2
31,1
31,0
30,3
30,2
30,1
30,0
29,3
29,2
29,1
29,0
27,4
27,3
27,2
27,1
27,0
25,3
25,2
25,1
25,0
24,3
24,2
24,1
24,0
20,3
20,2
20,1
19,3
19,2
19,1
18,3
18,1
14,3
14,1
13,3
13,1
12,3
12,2
12,1
11,27
11,26
11,25
11,23
11,22
11,21
11,20
11,19
11,18
11,15
11,14
11,13
11,11
11,10
11,9
11,8
11,4
11,3
11,2
11,1
10,309
10,308
10,307
10,306
10,305
10,304
10,261
10,243
10,153
10,105
10,85
